<?xml version="1.0"?>
<opencv_storage>
<Intrinsics type_id="opencv-matrix">
  <rows>3</rows>
  <cols>3</cols>
  <dt>f</dt>
  <data>
    5.51577759e+002 0. 3.34244659e+002 0. 5.53043884e+002
    2.54519119e+002 0. 0. 1.</data></Intrinsics>
</opencv_storage>
